10000000 0.001626
10000000 0.002063
10000000 0.002764
10000000 0.000034
10000000 0.001298
10000000 0.001337
10000000 0.003321
100000000 0.000092
100000000 0.000132
100000000 0.000649
100000000 0.000088
100000000 0.000306
100000000 0.000462
100000000 0.000027
1000000000 0.000001
1000000000 0.000046
1000000000 0.000040
1000000000 0.000213
1000000000 0.000062
1000000000 0.000197
1000000000 0.000293
10000000 0.000735
20000000 0.000969
40000000 0.000791
60000000 0.000008
80000000 0.000495
100000000 0.000810
120000000 0.000079
100000000 0.000356
200000000 0.000184
400000000 0.000051
600000000 0.000323
800000000 0.000012
1000000000 0.000176
1200000000 0.000134
1000000000 0.000045
2000000000 0.000078
4000000000 0.000060
6000000000 0.000082
8000000000 0.000065
10000000000 0.000065
12000000000 0.000027
