10000000 0.000467
10000000 0.000467
10000000 0.002006
10000000 0.001955
10000000 0.000821
10000000 0.001453
10000000 0.000346
100000000 0.000072
100000000 0.000021
100000000 0.000556
100000000 0.000197
100000000 0.000245
100000000 0.000940
100000000 0.000902
1000000000 0.000001
1000000000 0.000006
1000000000 0.000043
1000000000 0.000161
1000000000 0.000101
1000000000 0.000166
1000000000 0.000140
10000000 0.001064
20000000 0.001064
40000000 0.001064
60000000 0.001321
80000000 0.001321
100000000 0.000069
120000000 0.000022
100000000 0.000032
200000000 0.000162
400000000 0.000089
600000000 0.000245
800000000 0.000307
1000000000 0.000162
1200000000 0.000070
1000000000 0.000029
2000000000 0.000034
4000000000 0.000067
6000000000 0.000019
8000000000 0.000041
10000000000 0.000071
12000000000 0.000080
