10000000 0.000685
10000000 0.000319
10000000 0.000467
10000000 0.000168
10000000 0.000987
10000000 0.000447
10000000 0.001187
100000000 0.000063
100000000 0.000057
100000000 0.000163
100000000 0.000206
100000000 0.000079
100000000 0.000146
100000000 0.000010
1000000000 0.000025
1000000000 0.000027
1000000000 0.000007
1000000000 0.000044
1000000000 0.000033
1000000000 0.000024
1000000000 0.000050
10000000 0.000765
20000000 0.000515
40000000 0.000147
60000000 0.000110
80000000 0.000123
100000000 0.000530
120000000 0.000306
100000000 0.000051
200000000 0.000246
400000000 0.000079
600000000 0.000092
800000000 0.000009
1000000000 0.000027
1200000000 0.000059
1000000000 0.000000
2000000000 0.000034
4000000000 0.000007
6000000000 0.000037
8000000000 0.000012
10000000000 0.000034
12000000000 0.000002
